906800
906794
910935
910697
910944
753531
906746
910706
910710
753547
946373
906841
906849
905970
949156
949157
906861
949165
949168
1303896
906869
749715
907314
907313
753577
753578
753583
753585
907786
907792
907795
907799
1330947
908150
949177
949175
949176
724866
687799
1240183
905967
908457
908444
908449
925345
1330984
909250
905990
1330987
930082
909715
1331035
1331037
924247
909758
753621
753622
946356
753614
735784
946355
905980
907053
949171
910934
906763
905952
906831
906836
906847
949163
907056
753565
907268
907271
1327774
907274
1327775
907277
907279
1330933
907311
1240166
907787
908136
1330950
908151
687600
908450
908454
909256
909249
910401
905964
909702
905984
909713
909720
909731
1331032
910905
1331034
1247871
909756
909769
910695
688121
910688
1330960
910545
909701
905965
1295740
910568
906856
687568
906870
905989
908148
908156
908448
910947
1330983
910921
905948
753548
906842
906846
949158
949167
906871
907067
907170
907272
753592
908146
908159
949178
684681
908473
687804
688015
908445
1330981
910546
909703
910930
909742
909743
946354
924248
910943
753546
946367
753549
753552
907282
753579
908141
925339
910942
908452
909248
909732
905977
907041
907073
925343
753595
909698
753623
687562
906765
910687
910566
687448
906862
907044
907173
907273
1330931
924239
907783
905974
908158
1323913
1330982
909260
1331048
1331049
753532
724859
946370
906844
906855
905971
905938
907172
1327769
1327771
924238
907280
949170
907794
1330942
908126
971777
753596
1240181
1298352
908451
1290455
1330991
909717
909723
906872
908440
753533
910919
905972
907278
908469
909712
1331038
949155
907043
749713
905940
924186
753582
905958
949173
1240189
753605
908483
1240193
908446
713885
684072
910906
909759
1331040
684055
949164
924189
724872
910910
910569
949179
924244
1299075
1331039
910920
910700
946369
1297449
753558
905978
688086
1295741
949092
1327766
924187
907323
907789
1330985
946368
753559
909975
753584
908142
905986
905982
909754
946353
907269
910937
684059
909696
946358
949088
906854
906875
949153
749716
907050
924110
1322218
946363
907300
907791
683665
753594
688023
909697
909740
909762
910780
753620
907290
1322224
909974
910918
946359
688010
917486
753612
906877
1331045
924106
910691
906808
906807
688001
909194
1327768
910861
909785
910932
1297446
907281
910692
909777
908135
906798
905947
910784
906793
910851
906790
910926
906818
906833
907000
949166
907055
907058
907064
1240154
1240161
1298156
907319
907321
946361
713899
905946
908125
908138
1298351
687816
905943
925341
909255
971773
753610
909721
909735
1331036
909749
1299070
1299081
909700
949160
907060
1240149
1240160
908118
722045
1331033
910925
905950
722046
1298531
713880
909750
1299078
910922
908131
1287381
910916
910927
906820
905961
905935
907042
907068
753566
1298215
908134
910900
1298350
688013
687815
908460
908455
909252
905985
1240212
905962
1240223
1240145
905936
753562
907169
1298167
1298222
753586
925340
1240190
908443
905944
1240206
909709
1240217
684052
910781
910704
910850
906826
906828
910852
906823
1240123
906813
1240130
1240140
1240141
1290907
907047
905937
907061
907287
753563
907176
1240157
1240159
753573
907318
687787
1240168
1240169
949094
908120
908128
1240174
908139
908144
687794
724873
688026
910548
1240197
1240200
1240204
910931
1298538
909699
909707
909725
909724
909726
1240218
724839
905981
909784
1240226
1331050
687592
687506
1290808
1290809
1290722
946382
907312
998189
908467
1298347
1240187
909251
909253
905934
909708
910701
909718
687457
1299064
1290807
687452
906795
753540
906865
1240147
910903
909738
1240222
910703
687980
906839
753556
684062
1290813
1303900
907275
1298216
1503368
908475
1503363
909736
753539
687561
1290768
1303912
687985
906851
1290814
1240150
1298145
909977
1240158
1298169
908127
1240178
687819
910849
1298365
925346
717431
1240215
1299062
909751
687459
911905
907299
924102
924104
1290724
906693
906827
906835
1290798
906999
1290812
1240136
1240138
749712
907046
1298160
907320
907790
905975
724870
908145
908462
908470
688025
908447
946360
910079
753608
909704
905955
905954
905959
909737
909747
724879
687586
1299069
909774
687588
909776
1240224
1299080
687563
1290765
907072
908130
908474
724834
1240209
907298
1299061
1240121
906801
906824
905963
1290730
753541
924107
906837
1240129
1290806
907048
907788
924240
908123
687995
687812
905933
925348
909728
909745
905945
909781
906843
949174
905969
925347
753535
907291
753570
907317
905960
905983
924105
910853
909719
1287706
753538
906805
1240219
687777
753554
1298151
908121
949172
1240208
753534
1290725
906821
906832
1240131
907057
907071
753574
1240185
1240196
1240202
906797
906804
1240122
910915
906864
924111
907065
905939
910779
1298168
1240184
687829
1299050
909744
724812
905976
909780
687780
724855
910924
910936
749717
1240155
1330941
687514
753600
910549
1240205
906792
906830
1298141
1240153
1240201
906814
753545
1290797
907295
749710
907286
753572
1240170
907796
1240172
1240192
1298358
909706
724838
909779
910567
1290906
907322
1298348
909761
906868
1298136
906848
908465
924100
1503366
1479988
907171
753618
753604
909257
905991
910544
909773
910941
906791
749714
753576
1298357
1298359
906696
687505
753616
684057
1298218
909264
1240210
909716
949161
1298353
1298526
1298475
1298537
909755
1240143
1240191
910952
722058
687455
724878
909778
1240134
1240139
1659817
1330935
908122
908471
688006
1240182
1240186
688014
688021
688027
1524419
1659928
1240220
1240221
909771
1303897
1524416
724831
1297439
910554
907059
713878
908481
930297
930298
907285
910694
930299
908458
1290905
906852
1240146
724863
1298539
906838
1240142
749709
1298157
1297447
1509074
687802
908482
909753
1240151
688007
1299052
1240216
749711
1297438
1322213
1503369
753564
753589
1298349
908476
687821
724828
907175
1659823
1660035
906825
753599
908480
688018
1503362
949093
908143
1524418
1660036
949090
724869
908129
724868
905942
909263
909748
908149
971774
1240127
1303901
753588
688087
1303911
946377
1298219
753575
1480360
1298476
1524417
909739
910933
1524415
909905
910702
1240167
1290795
946372
1503367
910948
930301
909729
909770
909976
1247873
907045
907289
1480361
1503371
905941
1240198
1480371
1524414
1660034
1240128
1240199
1331025
924151
907270
1298534
907063
907069
1480364
909262
753551
924108
1503361
1240132
907062
1479995
924188
688031
1299059
906817
1290922
905957
722066
1480362
1240207
910911
1480372
753555
907066
910399
1298134
908152
753624
906812
1479987
1503370
753561
687997
1330972
688011
908459
1330995
1503365
1480367
683667
687983
1290908
949154
909757
687590
910951
1327765
1240173
1330994
946357
908147
908468
905973
905949
910705
998184
1659818
724825
1674021
910209
906834
908442
1659819
753615
1789883
906863
1240162
1298223
1298226
687798
910904
1240125
1240144
1330948
1330964
910899
753607
1503364
909722
1327773
907051
1290769
1290771
908124
724874
905956
906853
908132
1298529
905968
910907
907276
713869
1330993
905951
1298146
1480359
1509073
908461
687596
1290767
687807
1240124
910689
924250
1480374
909907
1298144
753569
925338
1298533
753581
930083
1298362
687820
688058
1322212
1330973
909746
910698
1480358
1240179
1298356
1290810
1240135
1240137
909727
909904
909711
